
   0.0000000000000000        3.0000000000000000        303.06095883004178     
  0.25000000000000000        3.0000000000000000        303.05745711756634     
  0.50000000000000000        3.0000000000000000        303.05305553527569     
  0.75000000000000000        3.0000000000000000        303.04878760416426     
   1.0000000000000000        3.0000000000000000        303.04450052107632     
   1.2500000000000000        3.0000000000000000        303.03999565184182     
   1.5000000000000000        3.0000000000000000        303.03511051630539     
   1.7500000000000000        3.0000000000000000        303.02970357911295     
   2.0000000000000000        3.0000000000000000        303.02363663808649     
   2.2500000000000000        3.0000000000000000        303.01676074517553     
   2.5000000000000000        3.0000000000000000        303.00890315661292     
   2.7500000000000000        3.0000000000000000        302.99985244982417     
   3.0000000000000000        3.0000000000000000        302.98933866001028     
   3.2500000000000000        3.0000000000000000        302.97700403853537     
   3.5000000000000000        3.0000000000000000        302.96235714852145     
   3.7500000000000000        3.0000000000000000        302.94469697349757     
   4.0000000000000000        3.0000000000000000        302.92298081828812     
   4.2500000000000000        3.0000000000000000        302.89558054978039     
   4.5000000000000000        3.0000000000000000        302.85979982532251     
   4.7500000000000000        3.0000000000000000        302.81082885896438     
   5.0000000000000000        3.0000000000000000        302.73920405799242     
   5.2500000000000000        3.0000000000000000        302.62360830482601     
   5.5000000000000000        3.0000000000000000        302.40582538180632     
   5.7500000000000000        3.0000000000000000        301.87774157212601     
   6.0000000000000000        3.0000000000000000        299.99999999999972     

   0.0000000000000000        2.8750000000000000        303.05662592482730     
  0.25000000000000000        2.8750000000000000        303.04707592894351     
  0.50000000000000000        2.8750000000000000        303.03933829753697     
  0.75000000000000000        2.8750000000000000        303.03212434975768     
   1.0000000000000000        2.8750000000000000        303.02488931633422     
   1.2500000000000000        2.8750000000000000        303.01727517810355     
   1.5000000000000000        2.8750000000000000        303.00900964804248     
   1.7500000000000000        2.8750000000000000        302.99985662952935     
   2.0000000000000000        2.8750000000000000        302.98958480659462     
   2.2500000000000000        2.8750000000000000        302.97794434637922     
   2.5000000000000000        2.8750000000000000        302.96464544020751     
   2.7500000000000000        2.8750000000000000        302.94933380073093     
   3.0000000000000000        2.8750000000000000        302.93155800910449     
   3.2500000000000000        2.8750000000000000        302.91072164823976     
   3.5000000000000000        2.8750000000000000        302.88600863221666     
   3.7500000000000000        2.8750000000000000        302.85626080548172     
   4.0000000000000000        2.8750000000000000        302.81976734065012     
   4.2500000000000000        2.8750000000000000        302.77388237630981     
   4.5000000000000000        2.8750000000000000        302.71428554490984     
   4.7500000000000000        2.8750000000000000        302.63343905884682     
   5.0000000000000000        2.8750000000000000        302.51706213346552     
   5.2500000000000000        2.8750000000000000        302.33519371667938     
   5.5000000000000000        2.8750000000000000        302.01716131965640     
   5.7500000000000000        2.8750000000000000        301.37967062762260     
   6.0000000000000000        2.8750000000000000        299.99999999999653     

   0.0000000000000000        2.7500000000000000        303.04947218525035     
  0.25000000000000000        2.7500000000000000        303.03624164920137     
  0.50000000000000000        2.7500000000000000        303.02549013889148     
  0.75000000000000000        2.7500000000000000        303.01546636676215     
   1.0000000000000000        2.7500000000000000        303.00537288779390     
   1.2500000000000000        2.7500000000000000        302.99471755232310     
   1.5000000000000000        2.7500000000000000        302.98313065189245     
   1.7500000000000000        2.7500000000000000        302.97028938105149     
   2.0000000000000000        2.7500000000000000        302.95587513442297     
   2.2500000000000000        2.7500000000000000        302.93954255907215     
   2.5000000000000000        2.7500000000000000        302.92089090712830     
   2.7500000000000000        2.7500000000000000        302.89943118967540     
   3.0000000000000000        2.7500000000000000        302.87454250050854     
   3.2500000000000000        2.7500000000000000        302.84540842173385     
   3.5000000000000000        2.7500000000000000        302.81091881858993     
   3.7500000000000000        2.7500000000000000        302.76951104699020     
   4.0000000000000000        2.7500000000000000        302.71890173788944     
   4.2500000000000000        2.7500000000000000        302.65561216960401     
   4.5000000000000000        2.7500000000000000        302.57408367816305     
   4.7500000000000000        2.7500000000000000        302.46493186855866     
   5.0000000000000000        2.7500000000000000        302.31129308178987     
   5.2500000000000000        2.7500000000000000        302.08082012359182     
   5.5000000000000000        2.7500000000000000        301.70836183125914     
   5.7500000000000000        2.7500000000000000        301.06714466701720     
   6.0000000000000000        2.7500000000000000        299.99999999999824     

   0.0000000000000000        2.6250000000000000        303.04041774635220     
  0.25000000000000000        2.6250000000000000        303.02478761302450     
  0.50000000000000000        2.6250000000000000        303.01146004570086     
  0.75000000000000000        2.6250000000000000        302.99882581047638     
   1.0000000000000000        2.6250000000000000        302.98599692337916     
   1.2500000000000000        2.6250000000000000        302.97239281778275     
   1.5000000000000000        2.6250000000000000        302.95756524834491     
   1.7500000000000000        2.6250000000000000        302.94111537652054     
   2.0000000000000000        2.6250000000000000        302.92264504443204     
   2.2500000000000000        2.6250000000000000        302.90172054091346     
   2.5000000000000000        2.6250000000000000        302.87783839042658     
   2.7500000000000000        2.6250000000000000        302.85038582154857     
   3.0000000000000000        2.6250000000000000        302.81858833931460     
   3.2500000000000000        2.6250000000000000        302.78143407632024     
   3.5000000000000000        2.6250000000000000        302.73755854707719     
   3.7500000000000000        2.6250000000000000        302.68506167287404     
   4.0000000000000000        2.6250000000000000        302.62120619992481     
   4.2500000000000000        2.6250000000000000        302.54190169368701     
   4.5000000000000000        2.6250000000000000        302.44078764095701     
   4.7500000000000000        2.6250000000000000        302.30754642256170     
   5.0000000000000000        2.6250000000000000        302.12473257297165     
   5.2500000000000000        2.6250000000000000        301.86194286403804     
   5.5000000000000000        2.6250000000000000        301.46675206083904     
   5.7500000000000000        2.6250000000000000        300.86110058210608     
   6.0000000000000000        2.6250000000000000        300.00000000000028     

   0.0000000000000000        2.5000000000000000        303.03006250745256     
  0.25000000000000000        2.5000000000000000        303.01275793534649     
  0.50000000000000000        2.5000000000000000        302.99725661948548     
  0.75000000000000000        2.5000000000000000        302.98223391715874     
   1.0000000000000000        2.5000000000000000        302.96681476358913     
   1.2500000000000000        2.5000000000000000        302.95037394920280     
   1.5000000000000000        2.5000000000000000        302.93240542039393     
   1.7500000000000000        2.5000000000000000        302.91244648705583     
   2.0000000000000000        2.5000000000000000        302.89002849729860     
   2.2500000000000000        2.5000000000000000        302.86463793449667     
   2.5000000000000000        2.5000000000000000        302.83567847832268     
   2.7500000000000000        2.5000000000000000        302.80242668176044     
   3.0000000000000000        2.5000000000000000        302.76397337331042     
   3.2500000000000000        2.5000000000000000        302.71914004746895     
   3.5000000000000000        2.5000000000000000        302.66635361180471     
   3.7500000000000000        2.5000000000000000        302.60345194844410     
   4.0000000000000000        2.5000000000000000        302.52737292028229     
   4.2500000000000000        2.5000000000000000        302.43364360439290     
   4.5000000000000000        2.5000000000000000        302.31552339516736     
   4.7500000000000000        2.5000000000000000        302.16255413436352     
   5.0000000000000000        2.5000000000000000        301.95816602898907     
   5.2500000000000000        2.5000000000000000        301.67616587805060     
   5.5000000000000000        2.5000000000000000        301.27775745930228     
   5.7500000000000000        2.5000000000000000        300.71891877303807     
   6.0000000000000000        2.5000000000000000        299.99999999999682     

   0.0000000000000000        2.3750000000000000        303.01882507824621     
  0.25000000000000000        2.3750000000000000        303.00027744360722     
  0.50000000000000000        2.3750000000000000        302.98293353988635     
  0.75000000000000000        2.3750000000000000        302.96574113665167     
   1.0000000000000000        2.3750000000000000        302.94788801900324     
   1.2500000000000000        2.3750000000000000        302.92873700922848     
   1.5000000000000000        2.3750000000000000        302.90774319357536     
   1.7500000000000000        2.3750000000000000        302.88439236169575     
   2.0000000000000000        2.3750000000000000        302.85815509342626     
   2.2500000000000000        2.3750000000000000        302.82844755142276     
   2.5000000000000000        2.3750000000000000        302.79459165131573     
   2.7500000000000000        2.3750000000000000        302.75576791994416     
   3.0000000000000000        2.3750000000000000        302.71095341165380     
   3.2500000000000000        2.3750000000000000        302.65883429607339     
   3.5000000000000000        2.3750000000000000        302.59767748345627     
   3.7500000000000000        2.3750000000000000        302.52513656521455     
   4.0000000000000000        2.3750000000000000        302.43795221257164     
   4.2500000000000000        2.3750000000000000        302.33148323843301     
   4.5000000000000000        2.3750000000000000        302.19897141227221     
   4.7500000000000000        2.3750000000000000        302.03041655730789     
   5.0000000000000000        2.3750000000000000        301.81100249639746     
   5.2500000000000000        2.3750000000000000        301.51949095901574     
   5.5000000000000000        2.3750000000000000        301.12887042464473     
   5.7500000000000000        2.3750000000000000        300.61675698566427     
   6.0000000000000000        2.3750000000000000        300.00000000000034     

   0.0000000000000000        2.2500000000000000        303.00701622436628     
  0.25000000000000000        2.2500000000000000        302.98749601913823     
  0.50000000000000000        2.2500000000000000        302.96857258516565     
  0.75000000000000000        2.2500000000000000        302.94941353474820     
   1.0000000000000000        2.2500000000000000        302.92928574744911     
   1.2500000000000000        2.2500000000000000        302.90756077072388     
   1.5000000000000000        2.2500000000000000        302.88367022081326     
   1.7500000000000000        2.2500000000000000        302.85705984543313     
   2.0000000000000000        2.2500000000000000        302.82714925798757     
   2.2500000000000000        2.2500000000000000        302.79329425787466     
   2.5000000000000000        2.2500000000000000        302.75474678212476     
   2.7500000000000000        2.2500000000000000        302.71060685235756     
   3.0000000000000000        2.2500000000000000        302.65975960181964     
   3.2500000000000000        2.2500000000000000        302.60078796893686     
   3.5000000000000000        2.2500000000000000        302.53184738151373     
   3.7500000000000000        2.2500000000000000        302.45048204058526     
   4.0000000000000000        2.2500000000000000        302.35335266023480     
   4.2500000000000000        2.2500000000000000        302.23583358547864     
   4.5000000000000000        2.2500000000000000        302.09143018657784     
   4.7500000000000000        2.2500000000000000        301.91099378173891     
   5.0000000000000000        2.2500000000000000        301.68186333292363     
   5.2500000000000000        2.2500000000000000        301.38759328922833     
   5.5000000000000000        2.2500000000000000        301.01035661613912     
   5.7500000000000000        2.2500000000000000        300.54075608496129     
   6.0000000000000000        2.2500000000000000        300.00000000000085     

   0.0000000000000000        2.1250000000000000        302.99487908846021     
  0.25000000000000000        2.1250000000000000        302.97456540185561     
  0.50000000000000000        2.1250000000000000        302.95427053455609     
  0.75000000000000000        2.1250000000000000        302.93332811706517     
   1.0000000000000000        2.1250000000000000        302.91108277325162     
   1.2500000000000000        2.1250000000000000        302.88692592551541     
   1.5000000000000000        2.1250000000000000        302.86027720441859     
   1.7500000000000000        2.1250000000000000        302.83055238218691     
   2.0000000000000000        2.1250000000000000        302.79712952571577     
   2.2500000000000000        2.1250000000000000        302.75931408323595     
   2.5000000000000000        2.1250000000000000        302.71630002643820     
   2.7500000000000000        2.1250000000000000        302.66712261496355     
   3.0000000000000000        2.1250000000000000        302.61059688757177     
   3.2500000000000000        2.1250000000000000        302.54523388043555     
   3.5000000000000000        2.1250000000000000        302.46912346794738     
   3.7500000000000000        2.1250000000000000        302.37976852581164     
   4.0000000000000000        2.1250000000000000        302.27385053149948     
   4.2500000000000000        2.1250000000000000        302.14690501356040     
   4.5000000000000000        2.1250000000000000        301.99289721236801     
   4.7500000000000000        2.1250000000000000        301.80374451716409     
   5.0000000000000000        2.1250000000000000        301.56900906816992     
   5.2500000000000000        2.1250000000000000        301.27643727678930     
   5.5000000000000000        2.1250000000000000        300.91493377215585     
   5.7500000000000000        2.1250000000000000        300.48254407270389     
   6.0000000000000000        2.1250000000000000        300.00000000000125     

   0.0000000000000000        2.0000000000000000        302.98261204087191     
  0.25000000000000000        2.0000000000000000        302.96163007974684     
  0.50000000000000000        2.0000000000000000        302.94013037149432     
  0.75000000000000000        2.0000000000000000        302.91756843096266     
   1.0000000000000000        2.0000000000000000        302.89335767503485     
   1.2500000000000000        2.0000000000000000        302.86691404864717     
   1.5000000000000000        2.0000000000000000        302.83765321330765     
   1.7500000000000000        2.0000000000000000        302.80496942750045     
   2.0000000000000000        2.0000000000000000        302.76820793994614     
   2.2500000000000000        2.0000000000000000        302.72663356217680     
   2.5000000000000000        2.0000000000000000        302.67939410942097     
   2.7500000000000000        2.0000000000000000        302.62547545654877     
   3.0000000000000000        2.0000000000000000        302.56364349325992     
   3.2500000000000000        2.0000000000000000        302.49236664327219     
   3.5000000000000000        2.0000000000000000        302.40971068679306     
   3.7500000000000000        2.0000000000000000        302.31319577408181     
   4.0000000000000000        2.0000000000000000        302.19960528367073     
   4.2500000000000000        2.0000000000000000        302.06474201245550     
   4.5000000000000000        2.0000000000000000        301.90315046166120     
   4.7500000000000000        2.0000000000000000        301.70789094103696     
   5.0000000000000000        2.0000000000000000        301.47061388901278     
   5.2500000000000000        2.0000000000000000        301.18251419266340     
   5.5000000000000000        2.0000000000000000        300.83723247687720     
   5.7500000000000000        2.0000000000000000        300.43687065375906     
   6.0000000000000000        2.0000000000000000        299.99999999999790     

   0.0000000000000000        1.8750000000000000        302.97038215023167     
  0.25000000000000000        1.8750000000000000        302.94882419442001     
  0.50000000000000000        1.8750000000000000        302.92625576650238     
  0.75000000000000000        1.8750000000000000        302.90222094870904     
   1.0000000000000000        1.8750000000000000        302.87619079443283     
   1.2500000000000000        1.8750000000000000        302.84760647401669     
   1.5000000000000000        1.8750000000000000        302.81588495981356     
   1.7500000000000000        1.8750000000000000        302.78040589825082     
   2.0000000000000000        1.8750000000000000        302.74048957673017     
   2.2500000000000000        1.8750000000000000        302.69536930986408     
   2.5000000000000000        1.8750000000000000        302.64415799243261     
   2.7500000000000000        1.8750000000000000        302.58580662573792     
   3.0000000000000000        1.8750000000000000        302.51905132062296     
   3.2500000000000000        1.8750000000000000        302.44234418273140     
   3.5000000000000000        1.8750000000000000        302.35376264469681     
   3.7500000000000000        1.8750000000000000        302.25089191677722     
   4.0000000000000000        1.8750000000000000        302.13067823104302     
   4.2500000000000000        1.8750000000000000        301.98926108124533     
   4.5000000000000000        1.8750000000000000        301.82182070341173     
   4.7500000000000000        1.8750000000000000        301.62254174775978     
   5.0000000000000000        1.8750000000000000        301.38492437093709     
   5.2500000000000000        1.8750000000000000        301.10288661339689     
   5.5000000000000000        1.8750000000000000        300.77330120843135     
   5.7500000000000000        1.8750000000000000        300.40032444247510     
   6.0000000000000000        1.8750000000000000        300.00000000000068     

   0.0000000000000000        1.7500000000000000        302.95833341521086     
  0.25000000000000000        1.7500000000000000        302.93627092711944     
  0.50000000000000000        1.7500000000000000        302.91274775897932     
  0.75000000000000000        1.7500000000000000        302.88737230057603     
   1.0000000000000000        1.7500000000000000        302.85966245536576     
   1.2500000000000000        1.7500000000000000        302.82908319783286     
   1.5000000000000000        1.7500000000000000        302.79505609315936     
   1.7500000000000000        1.7500000000000000        302.75695168399062     
   2.0000000000000000        1.7500000000000000        302.71407219985065     
   2.2500000000000000        1.7500000000000000        302.66562782019292     
   2.5000000000000000        1.7500000000000000        302.61070688776039     
   2.7500000000000000        1.7500000000000000        302.54823877953214     
   3.0000000000000000        1.7500000000000000        302.47694710617998     
   3.2500000000000000        1.7500000000000000        302.39529032222640     
   3.5000000000000000        1.7500000000000000        302.30138690007158     
   3.7500000000000000        1.7500000000000000        302.19292379892624     
   4.0000000000000000        1.7500000000000000        302.06705204443119     
   4.2500000000000000        1.7500000000000000        301.92028595704403     
   4.5000000000000000        1.7500000000000000        301.74845058961671     
   4.7500000000000000        1.7500000000000000        301.54677715977522     
   5.0000000000000000        1.7500000000000000        301.31033994804079     
   5.2500000000000000        1.7500000000000000        301.03514594598659     
   5.5000000000000000        1.7500000000000000        300.72021778023355     
   5.7500000000000000        1.7500000000000000        300.37061515032070     
   6.0000000000000000        1.7500000000000000        300.00000000000006     

   0.0000000000000000        1.6250000000000000        302.94659196887966     
  0.25000000000000000        1.6250000000000000        302.92408282983087     
  0.50000000000000000        1.6250000000000000        302.89970282402203     
  0.75000000000000000        1.6250000000000000        302.87310724914471     
   1.0000000000000000        1.6250000000000000        302.84385146937939     
   1.2500000000000000        1.6250000000000000        302.81142188343438     
   1.5000000000000000        1.6250000000000000        302.77524655262903     
   1.7500000000000000        1.6250000000000000        302.73469123847343     
   2.0000000000000000        1.6250000000000000        302.68904604685054     
   2.2500000000000000        1.6250000000000000        302.63750546871552     
   2.5000000000000000        1.6250000000000000        302.57914257703692     
   2.7500000000000000        1.6250000000000000        302.51287682460725     
   3.0000000000000000        1.6250000000000000        302.43743416938736     
   3.2500000000000000        1.6250000000000000        302.35129812127178     
   3.5000000000000000        1.6250000000000000        302.25265107519391     
   3.7500000000000000        1.6250000000000000        302.13930784441260     
   4.0000000000000000        1.6250000000000000        302.00864944104245     
   4.2500000000000000        1.6250000000000000        301.85757815285285     
   4.5000000000000000        1.6250000000000000        301.68253999142530     
   4.7500000000000000        1.6250000000000000        301.47970351726383     
   5.0000000000000000        1.6250000000000000        301.24544472272441     
   5.2500000000000000        1.6250000000000000        300.97733881950103     
   5.5000000000000000        1.6250000000000000        300.67580296807546     
   5.7500000000000000        1.6250000000000000        300.34615898826820     
   6.0000000000000000        1.6250000000000000        299.99999999999829     

   0.0000000000000000        1.5000000000000000        302.93526947397743     
  0.25000000000000000        1.5000000000000000        302.91236244923232     
  0.50000000000000000        1.5000000000000000        302.88721178133176     
  0.75000000000000000        1.5000000000000000        302.85950724893564     
   1.0000000000000000        1.5000000000000000        302.82883393493785     
   1.2500000000000000        1.5000000000000000        302.79469700525101     
   1.5000000000000000        1.5000000000000000        302.75653200793636     
   1.7500000000000000        1.5000000000000000        302.71370326232301     
   2.0000000000000000        1.5000000000000000        302.66549374047838     
   2.2500000000000000        1.5000000000000000        302.61108869562389     
   2.5000000000000000        1.5000000000000000        302.54955398150128     
   2.7500000000000000        1.5000000000000000        302.47980909537972     
   3.0000000000000000        1.5000000000000000        302.40059458081873     
   3.2500000000000000        1.5000000000000000        302.31043366980788     
   3.5000000000000000        1.5000000000000000        302.20758929649236     
   3.7500000000000000        1.5000000000000000        302.09002068304613     
   4.0000000000000000        1.5000000000000000        301.95535005885876     
   4.2500000000000000        1.5000000000000000        301.80086206697104     
   4.5000000000000000        1.5000000000000000        301.62357897141703     
   4.7500000000000000        1.5000000000000000        301.42048545484687     
   5.0000000000000000        1.5000000000000000        301.18901127457895     
   5.2500000000000000        1.5000000000000000        300.92788918006636     
   5.5000000000000000        1.5000000000000000        300.63841518801331     
   5.7500000000000000        1.5000000000000000        300.32583157833136     
   6.0000000000000000        1.5000000000000000        299.99999999999812     

   0.0000000000000000        1.3750000000000000        302.92446540192833     
  0.25000000000000000        1.3750000000000000        302.90120297942269     
  0.50000000000000000        1.3750000000000000        302.87535920476535     
  0.75000000000000000        1.3750000000000000        302.84664944412708     
   1.0000000000000000        1.3750000000000000        302.81468230441857     
   1.2500000000000000        1.3750000000000000        302.77897914397437     
   1.5000000000000000        1.3750000000000000        302.73898340031832     
   1.7500000000000000        1.3750000000000000        302.69406048023041     
   2.0000000000000000        1.3750000000000000        302.64349031485858     
   2.2500000000000000        1.3750000000000000        302.58645433984935     
   2.5000000000000000        1.3750000000000000        302.52201792896540     
   2.7500000000000000        1.3750000000000000        302.44910877326208     
   3.0000000000000000        1.3750000000000000        302.36649159136255     
   3.2500000000000000        1.3750000000000000        302.27274008392004     
   3.5000000000000000        1.3750000000000000        302.16620857782351     
   3.7500000000000000        1.3750000000000000        302.04500902436496     
   4.0000000000000000        1.3750000000000000        301.90700501859982     
   4.2500000000000000        1.3750000000000000        301.74984475700586     
   4.5000000000000000        1.3750000000000000        301.57107055666279     
   4.7500000000000000        1.3750000000000000        301.36836255835419     
   5.0000000000000000        1.3750000000000000        301.13998980499480     
   5.2500000000000000        1.3750000000000000        300.88552751501720     
   5.5000000000000000        1.3750000000000000        300.60680481235812     
   5.7500000000000000        1.3750000000000000        300.30881616055734     
   6.0000000000000000        1.3750000000000000        299.99999999999795     

   0.0000000000000000        1.2500000000000000        302.91426860217251     
  0.25000000000000000        1.2500000000000000        302.89068884765106     
  0.50000000000000000        1.2500000000000000        302.86422312469432     
  0.75000000000000000        1.2500000000000000        302.83460598408601     
   1.0000000000000000        1.2500000000000000        302.80146467908321     
   1.2500000000000000        1.2500000000000000        302.76433442850083     
   1.5000000000000000        1.2500000000000000        302.72266658680837     
   1.7500000000000000        1.2500000000000000        302.67582950945882     
   2.0000000000000000        1.2500000000000000        302.62310334164818     
   2.2500000000000000        1.2500000000000000        302.56367009304336     
   2.5000000000000000        1.2500000000000000        302.49660006263434     
   2.7500000000000000        1.2500000000000000        302.42083545769361     
   3.0000000000000000        1.2500000000000000        302.33517218329200     
   3.2500000000000000        1.2500000000000000        302.23824149769564     
   3.5000000000000000        1.2500000000000000        302.12849487099521     
   3.7500000000000000        1.2500000000000000        302.00419847876037     
   4.0000000000000000        1.2500000000000000        301.86344904229816     
   4.2500000000000000        1.2500000000000000        301.70423093172815     
   4.5000000000000000        1.2500000000000000        301.52454559140000     
   4.7500000000000000        1.2500000000000000        301.32265585062441     
   5.0000000000000000        1.2500000000000000        301.09749071956503     
   5.2500000000000000        1.2500000000000000        300.84923095313854     
   5.5000000000000000        1.2500000000000000        300.58001092398894     
   5.7500000000000000        1.2500000000000000        300.29450761997310     
   6.0000000000000000        1.2500000000000000        299.99999999999886     

   0.0000000000000000        1.1250000000000000        302.90475840771359     
  0.25000000000000000        1.1250000000000000        302.88089620798843     
  0.50000000000000000        1.1250000000000000        302.85387489903621     
  0.75000000000000000        1.1250000000000000        302.82344356514403     
   1.0000000000000000        1.1250000000000000        302.78924429014256     
   1.2500000000000000        1.1250000000000000        302.75082411080473     
   1.5000000000000000        1.1250000000000000        302.70764208221271     
   1.7500000000000000        1.1250000000000000        302.65907081130257     
   2.0000000000000000        1.1250000000000000        302.60439313863628     
   2.2500000000000000        1.1250000000000000        302.54279504168818     
   2.5000000000000000        1.1250000000000000        302.47335583993618     
   2.7500000000000000        1.1250000000000000        302.39503680949048     
   3.0000000000000000        1.1250000000000000        302.30666962802013     
   3.2500000000000000        1.1250000000000000        302.20694689674718     
   3.5000000000000000        1.1250000000000000        302.09441860555035     
   3.7500000000000000        1.1250000000000000        301.96750119421262     
   4.0000000000000000        1.1250000000000000        301.82451023452342     
   4.2500000000000000        1.1250000000000000        301.66373391388998     
   4.5000000000000000        1.1250000000000000        301.48357172624912     
   4.7500000000000000        1.1250000000000000        301.28276799046552     
   5.0000000000000000        1.1250000000000000        301.06076529297690     
   5.2500000000000000        1.1250000000000000        300.81817445694060     
   5.5000000000000000        1.1250000000000000        300.55728785433655     
   5.7500000000000000        1.1250000000000000        300.28245015837848     
   6.0000000000000000        1.1250000000000000        300.00000000000313     

   0.0000000000000000        1.0000000000000000        302.89600542985255     
  0.25000000000000000        1.0000000000000000        302.87189334563254     
  0.50000000000000000        1.0000000000000000        302.84437917961321     
  0.75000000000000000        1.0000000000000000        302.81322313147933     
   1.0000000000000000        1.0000000000000000        302.77807912728611     
   1.2500000000000000        1.0000000000000000        302.73850425542219     
   1.5000000000000000        1.0000000000000000        302.69396488819660     
   1.7500000000000000        1.0000000000000000        302.64383871358518     
   2.0000000000000000        1.0000000000000000        302.58741304169445     
   2.2500000000000000        1.0000000000000000        302.52388026653415     
   2.5000000000000000        1.0000000000000000        302.45233157441123     
   2.7500000000000000        1.0000000000000000        302.37175019904350     
   3.0000000000000000        1.0000000000000000        302.28100596019908     
   3.2500000000000000        1.0000000000000000        302.17885368577970     
   3.5000000000000000        1.0000000000000000        302.06393962014090     
   3.7500000000000000        1.0000000000000000        301.93482229675283     
   4.0000000000000000        1.0000000000000000        301.79001776698493     
   4.2500000000000000        1.0000000000000000        301.62808336280381     
   4.5000000000000000        1.0000000000000000        301.44775824813382     
   4.7500000000000000        1.0000000000000000        301.24817987073283     
   5.0000000000000000        1.0000000000000000        301.02918690102564     
   5.2500000000000000        1.0000000000000000        300.79169190238468     
   5.5000000000000000        1.0000000000000000        300.53805255802229     
   5.7500000000000000        1.0000000000000000        300.27229581238811     
   6.0000000000000000        1.0000000000000000        300.00000000000040     

   0.0000000000000000       0.87500000000000000        302.88807213971313     
  0.25000000000000000       0.87500000000000000        302.86374100372637     
  0.50000000000000000       0.87500000000000000        302.83579393071881     
  0.75000000000000000       0.87500000000000000        302.80399968682957     
   1.0000000000000000       0.87500000000000000        302.76802168134714     
   1.2500000000000000       0.87500000000000000        302.72742552388030     
   1.5000000000000000       0.87500000000000000        302.68168439602704     
   1.7500000000000000       0.87500000000000000        302.63018149018751     
   2.0000000000000000       0.87500000000000000        302.57220972057024     
   2.2500000000000000       0.87500000000000000        302.50696947062073     
   2.5000000000000000       0.87500000000000000        302.43356547969762     
   2.7500000000000000       0.87500000000000000        302.35100430446556     
   3.0000000000000000       0.87500000000000000        302.25819430127171     
   3.2500000000000000       0.87500000000000000        302.15395092261701     
   3.5000000000000000       0.87500000000000000        302.03701144916852     
   3.7500000000000000       0.87500000000000000        301.90606520088801     
   4.0000000000000000       0.87500000000000000        301.75980776804954     
   4.2500000000000000       0.87500000000000000        301.59703048933989     
   4.5000000000000000       0.87500000000000000        301.41675808570125     
   4.7500000000000000       0.87500000000000000        301.21844539907659     
   5.0000000000000000       0.87500000000000000        301.00223401630780     
   5.2500000000000000       0.87500000000000000        300.76924543425906     
   5.5000000000000000       0.87500000000000000        300.52184661202625     
   5.7500000000000000       0.87500000000000000        300.26377623308616     
   6.0000000000000000       0.87500000000000000        300.00000000000011     

   0.0000000000000000       0.75000000000000000        302.88101330023699     
  0.25000000000000000       0.75000000000000000        302.85649264607537     
  0.50000000000000000       0.75000000000000000        302.82817047454506     
  0.75000000000000000       0.75000000000000000        302.79582218257809     
   1.0000000000000000       0.75000000000000000        302.75911877340445     
   1.2500000000000000       0.75000000000000000        302.71763303493509     
   1.5000000000000000       0.75000000000000000        302.67084434835408     
   1.7500000000000000       0.75000000000000000        302.61814148273442     
   2.0000000000000000       0.75000000000000000        302.55882351952914     
   2.2500000000000000       0.75000000000000000        302.49209960995086     
   2.5000000000000000       0.75000000000000000        302.41708868106105     
   2.7500000000000000       0.75000000000000000        302.33282061687822     
   3.0000000000000000       0.75000000000000000        302.23824098620975     
   3.2500000000000000       0.75000000000000000        302.13222218315269     
   3.5000000000000000       0.75000000000000000        302.01358497190421     
   3.7500000000000000       0.75000000000000000        301.88113590116274     
   4.0000000000000000       0.75000000000000000        301.73372773058202     
   4.2500000000000000       0.75000000000000000        301.57035139710814     
   4.5000000000000000       0.75000000000000000        301.39026799401523     
   4.7500000000000000       0.75000000000000000        301.19318560145632     
   5.0000000000000000       0.75000000000000000        300.97947543140992     
   5.2500000000000000       0.75000000000000000        300.75040152617942     
   5.5000000000000000       0.75000000000000000        300.50830855520695     
   5.7500000000000000       0.75000000000000000        300.25668311732073     
   6.0000000000000000       0.75000000000000000        299.99999999999926     

   0.0000000000000000       0.62500000000000000        302.87487629096813     
  0.25000000000000000       0.62500000000000000        302.85019466776669     
  0.50000000000000000       0.62500000000000000        302.82155354848038     
  0.75000000000000000       0.62500000000000000        302.78873345762810     
   1.0000000000000000       0.62500000000000000        302.75141144778581     
   1.2500000000000000       0.62500000000000000        302.70916628301768     
   1.5000000000000000       0.62500000000000000        302.66148284544050     
   1.7500000000000000       0.62500000000000000        302.60775524967772     
   2.0000000000000000       0.62500000000000000        302.54728880508145     
   2.2500000000000000       0.62500000000000000        302.47930150410872     
   2.5000000000000000       0.62500000000000000        302.40292616624777     
   2.7500000000000000       0.62500000000000000        302.31721482091234     
   3.0000000000000000       0.62500000000000000        302.22114746424478     
   3.2500000000000000       0.62500000000000000        302.11364804573600     
   3.5000000000000000       0.62500000000000000        301.99361145951309     
   3.7500000000000000       0.62500000000000000        301.85994637639698     
   4.0000000000000000       0.62500000000000000        301.71163973383773     
   4.2500000000000000       0.62500000000000000        301.54784907228128     
   4.5000000000000000       0.62500000000000000        301.36802764969553     
   4.7500000000000000       0.62500000000000000        301.17208274820797     
   5.0000000000000000       0.62500000000000000        300.96055778030825     
   5.2500000000000000       0.62500000000000000        300.73481238453525     
   5.5000000000000000       0.62500000000000000        300.49715361511602     
   5.7500000000000000       0.62500000000000000        300.25085442141420     
   6.0000000000000000       0.62500000000000000        300.00000000000097     

   0.0000000000000000       0.50000000000000000        302.86970135416630     
  0.25000000000000000       0.50000000000000000        302.84488656347935     
  0.50000000000000000       0.50000000000000000        302.81598136530721     
  0.75000000000000000       0.50000000000000000        302.78277021242582     
   1.0000000000000000       0.50000000000000000        302.74493491089856     
   1.2500000000000000       0.50000000000000000        302.70205909930257     
   1.5000000000000000       0.50000000000000000        302.65363238207323     
   1.7500000000000000       0.50000000000000000        302.59905372882935     
   2.0000000000000000       0.50000000000000000        302.53763430472793     
   2.2500000000000000       0.50000000000000000        302.46860040748891     
   2.5000000000000000       0.50000000000000000        302.39109765330329     
   2.7500000000000000       0.50000000000000000        302.30419802777942     
   3.0000000000000000       0.50000000000000000        302.20691195774003     
   3.2500000000000000       0.50000000000000000        302.09820820024800     
   3.5000000000000000       0.50000000000000000        301.97704507134540     
   3.7500000000000000       0.50000000000000000        301.84241724149217     
   4.0000000000000000       0.50000000000000000        301.69342274184288     
   4.2500000000000000       0.50000000000000000        301.52935443771167     
   4.5000000000000000       0.50000000000000000        301.34981817510140     
   4.7500000000000000       0.50000000000000000        301.15487491156267     
   5.0000000000000000       0.50000000000000000        300.94519523617487     
   5.2500000000000000       0.50000000000000000        300.72220158630267     
   5.5000000000000000       0.50000000000000000        300.48815878109559     
   5.7500000000000000       0.50000000000000000        300.24616453243556     
   6.0000000000000000       0.50000000000000000        300.00000000000068     

   0.0000000000000000       0.37500000000000000        302.86552178170263     
  0.25000000000000000       0.37500000000000000        302.84060106106313     
  0.50000000000000000       0.37500000000000000        302.81148567081129     
  0.75000000000000000       0.37500000000000000        302.77796300438507     
   1.0000000000000000       0.37500000000000000        302.73971850152850     
   1.2500000000000000       0.37500000000000000        302.69633964199573     
   1.5000000000000000       0.37500000000000000        302.64731990270957     
   1.7500000000000000       0.37500000000000000        302.59206240069540     
   2.0000000000000000       0.37500000000000000        302.52988342265877     
   2.2500000000000000       0.37500000000000000        302.46001652510597     
   2.5000000000000000       0.37500000000000000        302.38161835819346     
   2.7500000000000000       0.37500000000000000        302.29377784577548     
   3.0000000000000000       0.37500000000000000        302.19553087309851     
   3.2500000000000000       0.37500000000000000        302.08588319761282     
   3.5000000000000000       0.37500000000000000        301.96384485841537     
   3.7500000000000000       0.37500000000000000        301.82847977403645     
   4.0000000000000000       0.37500000000000000        301.67897420096830     
   4.2500000000000000       0.37500000000000000        301.51472679276173     
   4.5000000000000000       0.37500000000000000        301.33546045073928     
   4.7500000000000000       0.37500000000000000        301.14135117787981     
   5.0000000000000000       0.37500000000000000        300.93316118566258     
   5.2500000000000000       0.37500000000000000        300.71235307690347     
   5.5000000000000000       0.37500000000000000        300.48115180793855     
   5.7500000000000000       0.37500000000000000        300.24251721440061     
   6.0000000000000000       0.37500000000000000        299.99999999999858     

   0.0000000000000000       0.25000000000000000        302.86236405606581     
  0.25000000000000000       0.25000000000000000        302.83736422605006     
  0.50000000000000000       0.25000000000000000        302.80809179535908     
  0.75000000000000000       0.25000000000000000        302.77433625545194     
   1.0000000000000000       0.25000000000000000        302.73578568132757     
   1.2500000000000000       0.25000000000000000        302.69203040462764     
   1.5000000000000000       0.25000000000000000        302.64256686402791     
   1.7500000000000000       0.25000000000000000        302.58680144156693     
   2.0000000000000000       0.25000000000000000        302.52405452046867     
   2.2500000000000000       0.25000000000000000        302.45356546006280     
   2.5000000000000000       0.25000000000000000        302.37449964945984     
   2.7500000000000000       0.25000000000000000        302.28595927883629     
   3.0000000000000000       0.25000000000000000        302.18699996415904     
   3.2500000000000000       0.25000000000000000        302.07665586090553     
   3.5000000000000000       0.25000000000000000        301.95397633178050     
   3.7500000000000000       0.25000000000000000        301.81807742875304     
   4.0000000000000000       0.25000000000000000        301.66821111887816     
   4.2500000000000000       0.25000000000000000        301.50385388126597     
   4.5000000000000000       0.25000000000000000        301.32481345908650     
   4.7500000000000000       0.25000000000000000        301.13134762403632     
   5.0000000000000000       0.25000000000000000        300.92428166428579     
   5.2500000000000000       0.25000000000000000        300.70510285755574     
   5.5000000000000000       0.25000000000000000        300.47600316592457     
   5.7500000000000000       0.25000000000000000        300.23984055158161     
   6.0000000000000000       0.25000000000000000        300.00000000000119     

   0.0000000000000000       0.12500000000000000        302.86024795459969     
  0.25000000000000000       0.12500000000000000        302.83519554120579     
  0.50000000000000000       0.12500000000000000        302.80581869721095     
  0.75000000000000000       0.12500000000000000        302.77190826507325     
   1.0000000000000000       0.12500000000000000        302.73315403677060     
   1.2500000000000000       0.12500000000000000        302.68914823323433     
   1.5000000000000000       0.12500000000000000        302.63938929581138     
   1.7500000000000000       0.12500000000000000        302.58328585709762     
   2.0000000000000000       0.12500000000000000        302.52016115310551     
   2.2500000000000000       0.12500000000000000        302.44925858256892     
   2.5000000000000000       0.12500000000000000        302.36974958073131     
   2.7500000000000000       0.12500000000000000        302.28074544791042     
   3.0000000000000000       0.12500000000000000        302.18131525236356     
   3.2500000000000000       0.12500000000000000        302.07051238066595     
   3.5000000000000000       0.12500000000000000        301.94741264862120     
   3.7500000000000000       0.12500000000000000        301.81116693518157     
   4.0000000000000000       0.12500000000000000        301.66107076872231     
   4.2500000000000000       0.12500000000000000        301.49665176591196     
   4.5000000000000000       0.12500000000000000        301.31777282065144     
   4.7500000000000000       0.12500000000000000        301.12474410136781     
   5.0000000000000000       0.12500000000000000        300.91843035465365     
   5.2500000000000000       0.12500000000000000        300.70033285943333     
   5.5000000000000000       0.12500000000000000        300.47262025458861     
   5.7500000000000000       0.12500000000000000        300.23808337307202     
   6.0000000000000000       0.12500000000000000        299.99999999999943     

   0.0000000000000000        0.0000000000000000        302.85918662314873     
  0.25000000000000000        0.0000000000000000        302.83410796401171     
  0.50000000000000000        0.0000000000000000        302.80467899609852     
  0.75000000000000000        0.0000000000000000        302.77069122373564     
   1.0000000000000000        0.0000000000000000        302.73183528602181     
   1.2500000000000000        0.0000000000000000        302.68770434531274     
   1.5000000000000000        0.0000000000000000        302.63779785291769     
   1.7500000000000000        0.0000000000000000        302.58152558894773     
   2.0000000000000000        0.0000000000000000        302.51821225237836     
   2.2500000000000000        0.0000000000000000        302.44710331290042     
   2.5000000000000000        0.0000000000000000        302.36737329474852     
   2.7500000000000000        0.0000000000000000        302.27813813266602     
   3.0000000000000000        0.0000000000000000        302.17847370960556     
   3.2500000000000000        0.0000000000000000        302.06744311551324     
   3.5000000000000000        0.0000000000000000        301.94413546081051     
   3.7500000000000000        0.0000000000000000        301.80771905486512     
   4.0000000000000000        0.0000000000000000        301.65751112765412     
   4.2500000000000000        0.0000000000000000        301.49306463617069     
   4.5000000000000000        0.0000000000000000        301.31426962572232     
   4.7500000000000000        0.0000000000000000        301.12146183555694     
   5.0000000000000000        0.0000000000000000        300.91552498214799     
   5.2500000000000000        0.0000000000000000        300.69796663871693     
   5.5000000000000000        0.0000000000000000        300.47094341242041     
   5.7500000000000000        0.0000000000000000        300.23721281745139     
   6.0000000000000000        0.0000000000000000        300.00000000000000     
